# T (K)	entropy (eV/K)	heat capacity (eV/K)
1.000000000000000000e+01	3.893563136937041951e-04	0.000000000000000000e+00
2.000000000000000000e+01	3.893563136937041951e-04	8.847689273837225236e-174
3.000000000000000000e+01	3.893563136937041951e-04	2.479325195531356240e-115
4.000000000000000000e+01	3.893563136937041951e-04	3.501862548279354458e-86
5.000000000000000000e+01	3.893563136937041951e-04	9.781037287396796150e-69
6.000000000000000000e+01	3.893563136937041951e-04	3.908045868990361203e-57
7.000000000000000000e+01	3.893563136937042493e-04	7.211427429166138698e-49
8.000000000000000000e+01	3.893563136937041951e-04	1.101548736525928920e-42
9.000000000000000000e+01	3.893563136937042493e-04	6.913094882175134138e-38
1.000000000000000000e+02	3.893563136937041951e-04	4.657325729074277339e-34
1.100000000000000000e+02	3.893563136937041951e-04	6.203072412716570879e-31
1.200000000000000000e+02	3.893563136937041951e-04	2.453255245103970180e-28
1.300000000000000000e+02	3.893563136937042493e-04	3.817199989056315613e-26
1.400000000000000000e+02	3.893563136937042493e-04	2.856450739649318971e-24
1.500000000000000000e+02	3.893563136937041951e-04	1.190943956801239305e-22
1.600000000000000000e+02	3.893563136937041951e-04	3.089057778789458551e-21
1.700000000000000000e+02	3.893563136937041951e-04	5.422755886915057059e-20
1.800000000000000000e+02	3.893563136937042493e-04	6.878724400705534187e-19
1.900000000000000000e+02	3.893563136937044119e-04	6.639252092304530664e-18
2.000000000000000000e+02	3.893563136937054419e-04	5.081389277178388906e-17
2.100000000000000000e+02	3.893563136937127061e-04	3.188595178663326141e-16
2.200000000000000000e+02	3.893563136937511411e-04	1.685873175740006492e-15
2.300000000000000000e+02	3.893563136939279202e-04	7.681465250291267786e-15
2.400000000000000000e+02	3.893563136946390484e-04	3.073295232123661574e-14
2.500000000000000000e+02	3.893563136971836167e-04	1.096840832629510019e-13
2.600000000000000000e+02	3.893563137053925993e-04	3.538696079182282746e-13
2.700000000000000000e+02	3.893563137295506294e-04	1.043815766814729643e-12
2.800000000000000000e+02	3.893563137950562273e-04	2.842493590033060881e-12
2.900000000000000000e+02	3.893563139601382054e-04	7.206095284931989785e-12
3.000000000000000000e+02	3.893563143496943770e-04	1.713044179873023544e-11
3.100000000000000000e+02	3.893563152160907956e-04	3.842735560502487204e-11
3.200000000000000000e+02	3.893563170425457442e-04	8.179131552051943922e-11
3.300000000000000000e+02	3.893563207104187157e-04	1.659848292980205544e-10
3.400000000000000000e+02	3.893563277580358172e-04	3.225338244230678385e-10
3.500000000000000000e+02	3.893563407651726344e-04	6.023737214963853268e-10
3.600000000000000000e+02	3.893563639034584097e-04	1.084914741831590204e-09
3.700000000000000000e+02	3.893564036981480344e-04	1.889994826616305429e-09
3.800000000000000000e+02	3.893564700503610379e-04	3.193156031279526047e-09
3.900000000000000000e+02	3.893565775704995553e-04	5.244614006855213191e-09
4.000000000000000000e+02	3.893567472727482281e-04	8.392191839613869687e-09
4.100000000000000000e+02	3.893570086771360557e-04	1.310836357093739042e-08
4.200000000000000000e+02	3.893574023595735081e-04	2.002140594164054973e-08
4.300000000000000000e+02	3.893579829817292773e-04	2.995049764546257437e-08
4.400000000000000000e+02	3.893588228219269890e-04	4.394444272781252547e-08
4.500000000000000000e+02	3.893600158158589297e-04	6.332353776548134939e-08
4.600000000000000000e+02	3.893616821024029496e-04	8.972395939522925259e-08
4.700000000000000000e+02	3.893639730557726139e-04	1.251439266139564215e-07
4.800000000000000000e+02	3.893670767712445815e-04	1.719907963872359043e-07
4.900000000000000000e+02	3.893712239583437961e-04	2.331281849827930593e-07
5.000000000000000000e+02	3.893766941831529435e-04	3.119221727544845863e-07
5.100000000000000000e+02	3.893838223907489064e-04	4.122856467820816963e-07
5.200000000000000000e+02	3.893930056299960661e-04	5.387198622617522107e-07
5.300000000000000000e+02	3.894047098962545063e-04	6.963523570598565217e-07
5.400000000000000000e+02	3.894194770031112786e-04	8.909704306964372803e-07
5.500000000000000000e+02	3.894379313920397385e-04	1.129049494924269944e-06
5.600000000000000000e+02	3.894607867888701678e-04	1.417775713418069093e-06
5.700000000000000000e+02	3.894888526179837111e-04	1.765062468241112226e-06
5.800000000000000000e+02	3.895230400890294987e-04	2.179560316233103783e-06
5.900000000000000000e+02	3.895643678764865560e-04	2.670660225115184764e-06
6.000000000000000000e+02	3.896139673192741855e-04	3.248490003239369557e-06
6.100000000000000000e+02	3.896730870756081656e-04	3.923903955352070811e-06
6.200000000000000000e+02	3.897430971771059468e-04	4.708465906891891488e-06
6.300000000000000000e+02	3.898254924355103396e-04	5.614425839170467296e-06
6.400000000000000000e+02	3.899218951650668509e-04	6.654690465811316566e-06
6.500000000000000000e+02	3.900340571933229262e-04	7.842788156078996331e-06
6.600000000000000000e+02	3.901638611427143315e-04	9.192828672710991121e-06
6.700000000000000000e+02	3.903133209745697193e-04	1.071945824046094067e-05
6.800000000000000000e+02	3.904845817959634808e-04	1.243781049699944352e-05
6.900000000000000000e+02	3.906799189380347204e-04	1.436345390060057670e-05
7.000000000000000000e+02	3.909017363218838669e-04	1.651233617987485239e-05
7.100000000000000000e+02	3.911525641348669383e-04	1.890072641056361660e-05
7.200000000000000000e+02	3.914350558460013619e-04	2.154515529405267001e-05
7.300000000000000000e+02	3.917519845942220411e-04	2.446235419283308024e-05
7.400000000000000000e+02	3.921062389873946827e-04	2.766919345069393586e-05
7.500000000000000000e+02	3.925008183532886167e-04	3.118262049104068991e-05
7.600000000000000000e+02	3.929388274861736691e-04	3.501959814643430422e-05
7.700000000000000000e+02	3.934234709343331464e-04	3.919704362724227861e-05
7.800000000000000000e+02	3.939580468746546821e-04	4.373176848815586796e-05
7.900000000000000000e+02	3.945459406205787658e-04	4.864041989915097395e-05
8.000000000000000000e+02	3.951906178091300968e-04	5.393942347314346675e-05
8.100000000000000000e+02	3.958956173115689447e-04	5.964492784690024360e-05
8.200000000000000000e+02	3.966645439104438879e-04	6.577275115552519750e-05
8.300000000000000000e+02	3.975010607835537287e-04	7.233832948475969087e-05
8.400000000000000000e+02	3.984088818326149569e-04	7.935666733016204016e-05
8.500000000000000000e+02	3.993917638913180106e-04	8.684229003864408212e-05
8.600000000000000000e+02	4.004534988440330802e-04	9.480919815655031125e-05
8.700000000000000000e+02	4.015979056827335730e-04	1.032708235601311619e-04
8.800000000000000000e+02	4.028288225258245094e-04	1.122399871995994589e-04
8.900000000000000000e+02	4.041500986185488586e-04	1.217288582476177606e-04
9.000000000000000000e+02	4.055655863305677945e-04	1.317489144077669801e-04
9.100000000000000000e+02	4.070791331622308860e-04	1.423109031089467410e-04
9.200000000000000000e+02	4.086945737670519101e-04	1.534248032884507446e-04
9.300000000000000000e+02	4.104157219940164593e-04	1.650997874503018633e-04
9.400000000000000000e+02	4.122463629496848567e-04	1.773441836769502108e-04
9.500000000000000000e+02	4.141902450766299869e-04	1.901654372722234821e-04
9.600000000000000000e+02	4.162510722416758267e-04	2.035700717220273557e-04
9.700000000000000000e+02	4.184324958247055606e-04	2.175636486771281429e-04
9.800000000000000000e+02	4.207381067965752547e-04	2.321507266898537231e-04
9.900000000000000000e+02	4.231714277729369911e-04	2.473348184738567105e-04
1.000000000000000000e+03	4.257359050296186868e-04	2.631183465034138630e-04
1.010000000000000000e+03	4.284349004646498911e-04	2.795025968258949066e-04
1.020000000000000000e+03	4.312716834921355002e-04	2.964876710279119561e-04
1.030000000000000000e+03	4.342494228539627780e-04	3.140724363716564040e-04
1.040000000000000000e+03	4.373711783368466302e-04	3.322544742025071028e-04
1.050000000000000000e+03	4.406398923844481231e-04	3.510300268211076773e-04
1.060000000000000000e+03	4.440583815972787285e-04	3.703939431116867850e-04
1.070000000000000000e+03	4.476293281168067890e-04	3.903396233219637236e-04
1.080000000000000000e+03	4.513552708945825541e-04	4.108589634968759811e-04
1.090000000000000000e+03	4.552385968522783830e-04	4.319423001766764221e-04
1.100000000000000000e+03	4.592815319442272964e-04	4.535783560774827119e-04
1.110000000000000000e+03	4.634861321402865470e-04	4.757541875768336219e-04
1.120000000000000000e+03	4.678542743535550347e-04	4.984551349255409792e-04
1.130000000000000000e+03	4.723876473445510127e-04	5.216647761976398248e-04
1.140000000000000000e+03	4.770877426407732665e-04	5.453648860695516120e-04
1.150000000000000000e+03	4.819558455180228407e-04	5.695354005851022269e-04
1.160000000000000000e+03	4.869930260972843449e-04	5.941543891118868667e-04
1.170000000000000000e+03	4.922001306182280768e-04	6.191980347241254337e-04
1.180000000000000000e+03	4.975777729573147143e-04	6.446406242550633669e-04
1.190000000000000000e+03	5.031263264649122940e-04	6.704545492461648406e-04
1.200000000000000000e+03	5.088459162015884036e-04	6.966103189787834502e-04
1.210000000000000000e+03	5.147364116586639841e-04	7.230765867056337427e-04
1.220000000000000000e+03	5.207974200520255328e-04	7.498201901031490433e-04
1.230000000000000000e+03	5.270282802809677291e-04	7.768062068417039235e-04
1.240000000000000000e+03	5.334280576452868350e-04	8.039980260189749477e-04
1.250000000000000000e+03	5.399955394139153726e-04	8.313574360237606245e-04
1.260000000000000000e+03	5.467292313368941154e-04	8.588447291950511214e-04
1.270000000000000000e+03	5.536273551894271361e-04	8.864188234169450165e-04
1.280000000000000000e+03	5.606878474320403736e-04	9.140374005471916911e-04
1.290000000000000000e+03	5.679083590645173747e-04	9.416570613201271853e-04
1.300000000000000000e+03	5.752862567432697046e-04	9.692334960978559464e-04
1.310000000000000000e+03	5.828186252222456419e-04	9.967216705723069923e-04
1.320000000000000000e+03	5.905022711664144287e-04	1.024076025250536320e-03
1.330000000000000000e+03	5.983337283744716772e-04	1.051250687292595116e-03
1.340000000000000000e+03	6.063092644338192137e-04	1.078199693021187049e-03
1.350000000000000000e+03	6.144248888163128921e-04	1.104877219191459457e-03
1.360000000000000000e+03	6.226763624079417227e-04	1.131237820903158815e-03
1.370000000000000000e+03	6.310592084497765406e-04	1.157236673861605043e-03
1.380000000000000000e+03	6.395687248514634379e-04	1.182829818553182743e-03
1.390000000000000000e+03	6.481999978225337113e-04	1.207974403799507400e-03
1.400000000000000000e+03	6.569479167511165993e-04	1.232628927095174437e-03
1.410000000000000000e+03	6.658071902446204351e-04	1.256753469119442071e-03
1.420000000000000000e+03	6.747723632327913080e-04	1.280309919843256776e-03
1.430000000000000000e+03	6.838378350206192379e-04	1.303262193729936083e-03
1.440000000000000000e+03	6.929978781669938678e-04	1.325576431649229565e-03
1.450000000000000000e+03	7.022466580551131252e-04	1.347221187288278428e-03
1.460000000000000000e+03	7.115782530125153811e-04	1.368167596045730345e-03
1.470000000000000000e+03	7.209866748324644976e-04	1.388389524632760918e-03
1.480000000000000000e+03	7.304658895442775598e-04	1.407863699871710365e-03
1.490000000000000000e+03	7.400098382781860381e-04	1.426569815473796490e-03
1.500000000000000000e+03	7.496124580704243432e-04	1.444490615885505235e-03
1.510000000000000000e+03	7.592677024564075967e-04	1.461611956612078426e-03
1.520000000000000000e+03	7.689695617040589060e-04	1.477922840749454868e-03
1.530000000000000000e+03	7.787120825454282641e-04	1.493415431776119523e-03
1.540000000000000000e+03	7.884893872725702059e-04	1.508085042967485410e-03
1.550000000000000000e+03	7.982956920730181153e-04	1.521930104091332890e-03
1.560000000000000000e+03	8.081253244909587666e-04	1.534952106318451023e-03
1.570000000000000000e+03	8.179727399120796660e-04	1.547155526533002239e-03
1.580000000000000000e+03	8.278325369828252013e-04	1.558547732448544495e-03
1.590000000000000000e+03	8.376994718882434503e-04	1.569138870125125033e-03
1.600000000000000000e+03	8.475684714264259323e-04	1.578941735638192661e-03
1.610000000000000000e+03	8.574346448315579589e-04	1.587971632770299353e-03
1.620000000000000000e+03	8.672932943115311925e-04	1.596246218681071031e-03
1.630000000000000000e+03	8.771399242797530815e-04	1.603785339560713247e-03
1.640000000000000000e+03	8.869702492739770568e-04	1.610610858288099179e-03
1.650000000000000000e+03	8.967802005675535757e-04	1.616746476098740578e-03
1.660000000000000000e+03	9.065659314902487767e-04	1.622217550222881163e-03
1.670000000000000000e+03	9.163238214866429535e-04	1.627050909382547240e-03
1.680000000000000000e+03	9.260504789499508652e-04	1.631274668942070839e-03
1.690000000000000000e+03	9.357427428778587698e-04	1.634918047392773478e-03
1.700000000000000000e+03	9.453976834045807031e-04	1.638011185722698269e-03
1.710000000000000000e+03	9.550126012698095324e-04	1.640584971080404943e-03
1.720000000000000000e+03	9.645850262905242365e-04	1.642670865991083685e-03
1.730000000000000000e+03	9.741127149058143031e-04	1.644300744227231506e-03
1.740000000000000000e+03	9.835936468678991434e-04	1.645506734278013314e-03
1.750000000000000000e+03	9.930260211546010091e-04	1.646321071203825891e-03
1.760000000000000000e+03	1.002408251179520747e-03	1.646775957508476648e-03
1.770000000000000000e+03	1.011738959376333891e-03	1.646903433512630867e-03
1.780000000000000000e+03	1.021016971232913562e-03	1.646735257570759291e-03
1.790000000000000000e+03	1.030241308849567331e-03	1.646302796341516913e-03
1.800000000000000000e+03	1.039411184093606312e-03	1.645636925198901450e-03
1.810000000000000000e+03	1.048525991419828199e-03	1.644767938760269494e-03
1.820000000000000000e+03	1.057585300423399257e-03	1.643725471407155459e-03
1.830000000000000000e+03	1.066588848188150833e-03	1.642538427586684403e-03
1.840000000000000000e+03	1.075536531489519913e-03	1.641234921604833776e-03
1.850000000000000000e+03	1.084428398907388803e-03	1.639842226557919639e-03
1.860000000000000000e+03	1.093264642899912601e-03	1.638386731994945266e-03
1.870000000000000000e+03	1.102045591885227960e-03	1.636893909860387929e-03
1.880000000000000000e+03	1.110771702373666587e-03	1.635388288233995254e-03
1.890000000000000000e+03	1.119443551188906063e-03	1.633893432360468802e-03
1.900000000000000000e+03	1.128061827812333303e-03	1.632431932446523149e-03
1.910000000000000000e+03	1.136627326880872927e-03	1.631025397695491479e-03
1.920000000000000000e+03	1.145140940864666779e-03	1.629694456048658363e-03
1.930000000000000000e+03	1.153603652947277200e-03	1.628458759107946803e-03
1.940000000000000000e+03	1.162016530127568453e-03	1.627336991724849654e-03
1.950000000000000000e+03	1.170380716559134672e-03	1.626346885755339169e-03
1.960000000000000000e+03	1.178697427140050578e-03	1.625505237498857782e-03
1.970000000000000000e+03	1.186967941362869310e-03	1.624827928360765995e-03
1.980000000000000000e+03	1.195193597432170352e-03	1.624329948301200029e-03
1.990000000000000000e+03	1.203375786654553581e-03	1.624025421658593102e-03
2.000000000000000000e+03	1.211515948103816191e-03	1.623927634962375917e-03
2.010000000000000000e+03	1.219615563562100264e-03	1.624049066376549244e-03
2.020000000000000000e+03	1.227676152736043459e-03	1.624401416443092610e-03
2.030000000000000000e+03	1.235699268745451499e-03	1.624995639821372271e-03
2.040000000000000000e+03	1.243686493880656564e-03	1.625841977746626116e-03
2.050000000000000000e+03	1.251639435623575760e-03	1.626949990956636774e-03
2.060000000000000000e+03	1.259559722926486408e-03	1.628328592861113351e-03
2.070000000000000000e+03	1.267449002741706304e-03	1.629986082752543685e-03
2.080000000000000000e+03	1.275308936794695373e-03	1.631930178880359713e-03
2.090000000000000000e+03	1.283141198592525683e-03	1.634168051232132548e-03
2.100000000000000000e+03	1.290947470659251561e-03	1.636706353886130611e-03
2.110000000000000000e+03	1.298729441989393638e-03	1.639551256818580884e-03
2.120000000000000000e+03	1.306488805710531026e-03	1.642708477067031381e-03
2.130000000000000000e+03	1.314227256945865903e-03	1.646183309167447350e-03
2.140000000000000000e+03	1.321946490867575812e-03	1.649980654797926277e-03
2.150000000000000000e+03	1.329648200931788250e-03	1.654105051575662259e-03
2.160000000000000000e+03	1.337334077286098013e-03	1.658560700966265180e-03
2.170000000000000000e+03	1.345005805340662242e-03	1.663351495276019177e-03
2.180000000000000000e+03	1.352665064494108478e-03	1.668481043707587333e-03
2.190000000000000000e+03	1.360313527005679694e-03	1.673952697468942229e-03
2.200000000000000000e+03	1.367952857005307185e-03	1.679769573933277433e-03
2.210000000000000000e+03	1.375584709633555702e-03	1.685934579854622478e-03
2.220000000000000000e+03	1.383210730303687051e-03	1.692450433650240140e-03
2.230000000000000000e+03	1.390832554078383484e-03	1.699319686766191141e-03
2.240000000000000000e+03	1.398451805154005525e-03	1.706544744146981608e-03
2.250000000000000000e+03	1.406070096445563708e-03	1.714127883834229297e-03
2.260000000000000000e+03	1.413689029265928097e-03	1.722071275722580116e-03
2.270000000000000000e+03	1.421310193093124454e-03	1.730376999503692318e-03
2.280000000000000000e+03	1.428935165419901836e-03	1.739047061831525002e-03
2.290000000000000000e+03	1.436565511680068215e-03	1.748083412743701949e-03
2.300000000000000000e+03	1.444202785246436133e-03	1.757487961375318831e-03
2.310000000000000000e+03	1.451848527495513573e-03	1.767262591002255294e-03
2.320000000000000000e+03	1.459504267934408741e-03	1.777409173452068874e-03
2.330000000000000000e+03	1.467171524385693258e-03	1.787929582920599111e-03
2.340000000000000000e+03	1.474851803226273801e-03	1.798825709233026681e-03
2.350000000000000000e+03	1.482546599676612354e-03	1.810099470587587904e-03
2.360000000000000000e+03	1.490257398136885696e-03	1.821752825820512067e-03
2.370000000000000000e+03	1.497985672566955976e-03	1.833787786230015905e-03
2.380000000000000000e+03	1.505732886907261469e-03	1.846206426997107136e-03
2.390000000000000000e+03	1.513500495537997226e-03	1.859010898240188525e-03
2.400000000000000000e+03	1.521289943774161791e-03	1.872203435740314942e-03
2.410000000000000000e+03	1.529102668394287682e-03	1.885786371373011309e-03
2.420000000000000000e+03	1.536940098200875043e-03	1.899762143282390228e-03
2.430000000000000000e+03	1.544803654610753599e-03	1.914133305832651242e-03
2.440000000000000000e+03	1.552694752273799540e-03	1.928902539371671592e-03
2.450000000000000000e+03	1.560614799718598083e-03	1.944072659841062463e-03
2.460000000000000000e+03	1.568565200023854965e-03	1.959646628266868001e-03
2.470000000000000000e+03	1.576547351514500641e-03	1.975627560164933301e-03
2.480000000000000000e+03	1.584562648481622647e-03	1.992018734895191056e-03
2.490000000000000000e+03	1.592612481925510109e-03	2.008823604999301383e-03
2.500000000000000000e+03	1.600698240321255308e-03	2.026045805556759508e-03
2.510000000000000000e+03	1.608821310406522397e-03	2.043689163595208136e-03
2.520000000000000000e+03	1.616983077991240641e-03	2.061757707592324143e-03
2.530000000000000000e+03	1.625184928789139352e-03	2.080255677107620011e-03
2.540000000000000000e+03	1.633428249271200823e-03	2.099187532585232614e-03
2.550000000000000000e+03	1.641714427541266993e-03	2.118557965370851046e-03
2.560000000000000000e+03	1.650044854234215732e-03	2.138371907989505653e-03
2.570000000000000000e+03	1.658420923437284615e-03	2.158634544734821907e-03
2.580000000000000000e+03	1.666844033635318930e-03	2.179351322625239402e-03
2.590000000000000000e+03	1.675315588680935733e-03	2.200527962788574425e-03
2.600000000000000000e+03	1.683836998790791580e-03	2.222170472343408185e-03
2.610000000000000000e+03	1.692409681569417195e-03	2.244285156854210119e-03
2.620000000000000000e+03	1.701035063062333397e-03	2.266878633447246862e-03
2.630000000000000000e+03	1.709714578840497001e-03	2.289957844686181694e-03
2.640000000000000000e+03	1.718449675118429625e-03	2.313530073320578615e-03
2.650000000000000000e+03	1.727241809908836414e-03	2.337602958037100862e-03
2.660000000000000000e+03	1.736092454216911322e-03	2.362184510363051979e-03
2.670000000000000000e+03	1.745003093278101785e-03	2.387283132894916452e-03
2.680000000000000000e+03	1.753975227843653948e-03	2.412907639051917012e-03
2.690000000000000000e+03	1.763010375518991087e-03	2.439067274586415729e-03
2.700000000000000000e+03	1.772110072160731301e-03	2.465771741120280445e-03
2.710000000000000000e+03	1.781275873339124242e-03	2.493031222019972439e-03
2.720000000000000000e+03	1.790509355873703577e-03	2.520856410973877897e-03
2.730000000000000000e+03	1.799812119451228666e-03	2.549258543694699064e-03
2.740000000000000000e+03	1.809185788336407051e-03	2.578249433238494030e-03
2.750000000000000000e+03	1.818632013187562952e-03	2.607841509511950491e-03
2.760000000000000000e+03	1.828152472991339877e-03	2.638047863631974663e-03
2.770000000000000000e+03	1.837748877132765017e-03	2.668882297909204275e-03
2.780000000000000000e+03	1.847422967619584324e-03	2.700359382350457985e-03
2.790000000000000000e+03	1.857176521482778279e-03	2.732494518718546223e-03
2.800000000000000000e+03	1.867011353378595067e-03	2.765304013351741266e-03
2.810000000000000000e+03	1.876929318421461127e-03	2.798805160134655232e-03
2.820000000000000000e+03	1.886932315281673617e-03	2.833016335228716581e-03
2.830000000000000000e+03	1.897022289587107276e-03	2.867957105418512866e-03
2.840000000000000000e+03	1.907201237674184448e-03	2.903648352213925119e-03
2.850000000000000000e+03	1.917471210740379810e-03	2.940112414170362870e-03
2.860000000000000000e+03	1.927834319458440835e-03	2.977373250257383999e-03
2.870000000000000000e+03	1.938292739121682574e-03	3.015456627522308114e-03
2.880000000000000000e+03	1.948848715400077055e-03	3.054390336767096557e-03
2.890000000000000000e+03	1.959504570798747611e-03	3.094204440489878652e-03
2.900000000000000000e+03	1.970262711923939040e-03	3.134931557941433595e-03
2.910000000000000000e+03	1.981125637676863383e-03	3.176607192821022732e-03
2.920000000000000000e+03	1.992095948513112821e-03	3.219270109889075908e-03
2.930000000000000000e+03	2.003176356924952009e-03	3.262962767615952032e-03
2.940000000000000000e+03	2.014369699325824475e-03	3.307731814921102340e-03
2.950000000000000000e+03	2.025678949541279313e-03	3.353628661093788210e-03
2.960000000000000000e+03	2.037107234138287992e-03	3.400710129130309674e-03
2.970000000000000000e+03	2.048657849856124012e-03	3.449039203980261599e-03
2.980000000000000000e+03	2.060334283436638780e-03	3.498685888568901694e-03
2.990000000000000000e+03	2.072140234190364676e-03	3.549728181958842783e-03
3.000000000000000000e+03	2.084079639677677547e-03	3.602253195631508528e-03
3.010000000000000000e+03	2.096156704931398471e-03	3.656358425605865832e-03
3.020000000000000000e+03	2.108375935699142306e-03	3.712153199962980356e-03
3.030000000000000000e+03	2.120742176240569560e-03	3.769760323298202483e-03
3.040000000000000000e+03	2.133260652276534105e-03	3.829317941662178839e-03
3.050000000000000000e+03	2.145937019754286853e-03	3.890981653650289231e-03
3.060000000000000000e+03	2.158777420165090832e-03	3.954926895422893052e-03
3.070000000000000000e+03	2.171788543227859414e-03	4.021351629535691204e-03
3.080000000000000000e+03	2.184977697834416827e-03	4.090479369466171362e-03
3.090000000000000000e+03	2.198352892238006340e-03	4.162562573552243753e-03
3.100000000000000000e+03	2.211922924555989774e-03	4.237886443602876391e-03
3.110000000000000000e+03	2.225697484749073786e-03	4.316773164557017629e-03
3.120000000000000000e+03	2.239687269331019914e-03	4.399586622077620787e-03
3.130000000000000000e+03	2.253904110152504022e-03	4.486737634649778234e-03
3.140000000000000000e+03	2.268361118687535049e-03	4.578689735327253450e-03
3.150000000000000000e+03	2.283072847326599215e-03	4.675965535397505653e-03
3.160000000000000000e+03	2.298055469242720871e-03	4.779153697490019261e-03
3.170000000000000000e+03	2.313326978438363414e-03	4.888916538525505534e-03
3.180000000000000000e+03	2.328907411594807568e-03	5.005998272772265063e-03
3.190000000000000000e+03	2.344819093321614482e-03	5.131233891401801132e-03
3.200000000000000000e+03	2.361086906329827248e-03	5.265558656432794450e-03
3.210000000000000000e+03	2.377738587914236725e-03	5.410018162786600984e-03
3.220000000000000000e+03	2.394805053909705543e-03	5.565778891142027750e-03
3.230000000000000000e+03	2.412320750962871664e-03	5.734139134992019375e-03
3.240000000000000000e+03	2.430324037508944067e-03	5.916540136218360023e-03
3.250000000000000000e+03	2.448857593234094691e-03	6.114577202903531163e-03
3.260000000000000000e+03	2.467968856003646509e-03	6.330010509168428404e-03
3.270000000000000000e+03	2.487710484206370060e-03	6.564775187693046125e-03
3.280000000000000000e+03	2.508140841162709214e-03	6.820990219450967680e-03
3.290000000000000000e+03	2.529324496623125331e-03	7.100965500523376966e-03
3.300000000000000000e+03	2.551332738392663758e-03	7.407206321618679985e-03
3.310000000000000000e+03	2.574244084709394718e-03	7.742414331935537630e-03
3.320000000000000000e+03	2.598144785131046262e-03	8.109483876443878206e-03
3.330000000000000000e+03	2.623129294306422634e-03	8.511492397658949882e-03
3.340000000000000000e+03	2.649300699101657906e-03	8.951683385443522795e-03
3.350000000000000000e+03	2.676771075115044925e-03	9.433440150895743351e-03
3.360000000000000000e+03	2.705661743682338197e-03	9.960248507357293002e-03
3.370000000000000000e+03	2.736103395132177991e-03	1.053564628339704635e-02
3.380000000000000000e+03	2.768236038451624137e-03	1.116315749680965932e-02
3.390000000000000000e+03	2.802208731906062275e-03	1.184620902084368085e-02
3.400000000000000000e+03	2.838179043878421865e-03	1.258802771823182461e-02
3.410000000000000000e+03	2.876312188732872439e-03	1.339151635746104775e-02
3.420000000000000000e+03	2.916779779500910854e-03	1.425910721772737956e-02
3.430000000000000000e+03	2.959758138422978208e-03	1.519259319524082254e-02
3.440000000000000000e+03	3.005426108797359854e-03	1.619293750092945863e-02
3.450000000000000000e+03	3.053962318251496246e-03	1.726006473116647316e-02
3.460000000000000000e+03	3.105541855578845909e-03	1.839263821462604198e-02
3.470000000000000000e+03	3.160332341749740558e-03	1.958783106154412743e-02
3.480000000000000000e+03	3.218489401484149470e-03	2.084110117569325238e-02
3.490000000000000000e+03	3.280151575345197079e-03	2.214598346257502792e-02
3.500000000000000000e+03	3.345434753515564175e-03	2.349391531341094366e-02
3.510000000000000000e+03	3.414426260198579182e-03	2.487411379886856136e-02
3.520000000000000000e+03	3.487178769751778443e-03	2.627352441902698968e-02
3.530000000000000000e+03	3.563704288725895626e-03	2.767686122699645340e-02
3.540000000000000000e+03	3.643968487145050460e-03	2.906675618570293829e-02
3.550000000000000000e+03	3.727885701701403806e-03	3.042403134467250997e-02
3.560000000000000000e+03	3.815314956476036166e-03	3.172810065786342559e-02
3.570000000000000000e+03	3.906057346862790765e-03	3.295749914087338361e-02
3.580000000000000000e+03	3.999855104193600006e-03	3.409052611919138887e-02
3.590000000000000000e+03	4.096392599001680637e-03	3.510597750595530198e-02
3.600000000000000000e+03	4.195299450061740903e-03	3.598393069623055662e-02
3.610000000000000000e+03	4.296155788497553127e-03	3.670653632620848178e-02
3.620000000000000000e+03	4.398499589751522949e-03	3.725876535937562573e-02
3.630000000000000000e+03	4.501835843145117998e-03	3.762905897056482984e-02
3.640000000000000000e+03	4.605647193558354280e-03	3.780983317269819705e-02
3.650000000000000000e+03	4.709405577270303449e-03	3.779779996810807285e-02
3.660000000000000000e+03	4.812584297252373716e-03	3.759408107280359790e-02
3.670000000000000000e+03	4.914669951281555246e-03	3.720410730127920312e-02
3.680000000000000000e+03	5.015173642778550378e-03	3.663731439758482339e-02
3.690000000000000000e+03	5.113640966866719526e-03	3.590666225121611627e-02
3.700000000000000000e+03	5.209660364798103689e-03	3.502801713294841773e-02
3.710000000000000000e+03	5.302869566424211339e-03	3.401944452018926257e-02
3.720000000000000000e+03	5.392959978466133758e-03	3.290046272692292301e-02
3.730000000000000000e+03	5.479679011666853568e-03	3.169130517092944715e-02
3.740000000000000000e+03	5.562830460188941152e-03	3.041223261020142843e-02
3.750000000000000000e+03	5.642273142919323678e-03	2.908292738159057658e-02
3.760000000000000000e+03	5.717918083722754209e-03	2.772199103784526650e-02
3.770000000000000000e+03	5.789724545131755273e-03	2.634655616087230520e-02
3.780000000000000000e+03	5.857695239738302563e-03	2.497201360767276751e-02
3.790000000000000000e+03	5.921871030240847579e-03	2.361184873256322314e-02
3.800000000000000000e+03	5.982325398535341156e-03	2.227757456146384207e-02
3.810000000000000000e+03	6.039158922545314646e-03	2.097874648445984674e-02
3.820000000000000000e+03	6.092493952330873055e-03	1.972304155714048324e-02
3.830000000000000000e+03	6.142469629126642502e-03	1.851638559248314220e-02
3.840000000000000000e+03	6.189237345888701572e-03	1.736311245973729683e-02
3.850000000000000000e+03	6.232956708043309313e-03	1.626614197125758610e-02
3.860000000000000000e+03	6.273792019716238448e-03	1.522716507219105085e-02
3.870000000000000000e+03	6.311909294199623960e-03	1.424682746655665105e-02
3.880000000000000000e+03	6.347473767562217956e-03	1.332490511245373183e-02
3.890000000000000000e+03	6.380647880485289421e-03	1.246046706945853552e-02
3.900000000000000000e+03	6.411589684733368620e-03	1.165202291533451277e-02
3.910000000000000000e+03	6.440451626184447859e-03	1.089765334683129132e-02
3.920000000000000000e+03	6.467379655102255091e-03	1.019512365313669962e-02
3.930000000000000000e+03	6.492512615473335254e-03	9.541980533168370818e-03
3.940000000000000000e+03	6.515981868012780259e-03	8.935633262333323584e-03
3.950000000000000000e+03	6.537911105255763723e-03	8.373420546682256230e-03
3.960000000000000000e+03	6.558416321520364224e-03	7.852664576871450433e-03
3.970000000000000000e+03	6.577605905090841941e-03	7.370713850845107135e-03
3.980000000000000000e+03	6.595580824472155670e-03	6.924976306588557715e-03
3.990000000000000000e+03	6.612434884833066559e-03	6.512944222347533292e-03
4.000000000000000000e+03	6.628255034678573812e-03	6.132212223140652389e-03
4.010000000000000000e+03	6.643121706315885215e-03	5.780489595630286179e-03
4.020000000000000000e+03	6.657109176781085026e-03	5.455607970439995194e-03
4.030000000000000000e+03	6.670285938580648721e-03	5.155525290137860130e-03
4.040000000000000000e+03	6.682715071895272384e-03	4.878326847773683389e-03
4.050000000000000000e+03	6.694454611824586510e-03	4.622224058353685897e-03
4.060000000000000000e+03	6.705557905857381304e-03	4.385551515614752836e-03
4.070000000000000000e+03	6.716073958071864386e-03	4.166762789455739566e-03
4.080000000000000000e+03	6.726047757642039139e-03	3.964425335168979964e-03
4.090000000000000000e+03	6.735520590085771094e-03	3.777214813454184313e-03
4.100000000000000000e+03	6.744530330370254040e-03	3.603909059085759481e-03
4.110000000000000000e+03	6.753111717520888201e-03	3.443381884888919216e-03
4.120000000000000000e+03	6.761296610785896659e-03	3.294596865186989656e-03
4.130000000000000000e+03	6.769114227713947211e-03	3.156601207933661807e-03
4.140000000000000000e+03	6.776591364724421883e-03	3.028519796296372073e-03
4.150000000000000000e+03	6.783752600906394620e-03	2.909549457475974193e-03
4.160000000000000000e+03	6.790620485886114145e-03	2.798953498209577184e-03
4.170000000000000000e+03	6.797215712665269360e-03	2.696056531878567291e-03
4.180000000000000000e+03	6.803557276362731318e-03	2.600239610816841400e-03
4.190000000000000000e+03	6.809662619798492224e-03	2.510935668672001179e-03
4.200000000000000000e+03	6.815547766846057932e-03	2.427625271053142266e-03
4.210000000000000000e+03	6.821227444453942419e-03	2.349832667786903948e-03
4.220000000000000000e+03	6.826715194201513938e-03	2.277122136563891185e-03
4.230000000000000000e+03	6.832023474212931512e-03	2.209094605294318128e-03
4.240000000000000000e+03	6.837163752207285443e-03	2.145384538901185575e-03
4.250000000000000000e+03	6.842146590415361905e-03	2.085657075335403590e-03
4.260000000000000000e+03	6.846981723045141369e-03	2.029605395183051077e-03
4.270000000000000000e+03	6.851678126930153823e-03	1.976948309198863635e-03
4.280000000000000000e+03	6.856244085948040405e-03	1.927428048353296538e-03
4.290000000000000000e+03	6.860687249751673197e-03	1.880808241446193423e-03
4.300000000000000000e+03	6.865014687312117822e-03	1.836872065953038414e-03
4.310000000000000000e+03	6.869232935732215960e-03	1.795420558472683075e-03
4.320000000000000000e+03	6.873348044751394909e-03	1.756271071913998198e-03
4.330000000000000000e+03	6.877365617326624582e-03	1.719255867356850667e-03
4.340000000000000000e+03	6.881290846641360294e-03	1.684220829324825988e-03
4.350000000000000000e+03	6.885128549863698752e-03	1.651024293996939925e-03
4.360000000000000000e+03	6.888883198946496589e-03	1.619535980667164733e-03
4.370000000000000000e+03	6.892558948736333437e-03	1.589636017494537243e-03
4.380000000000000000e+03	6.896159662634193839e-03	1.561214053298695540e-03
4.390000000000000000e+03	6.899688936028752079e-03	1.534168447825405264e-03
4.400000000000000000e+03	6.903150117703323041e-03	1.508405533528173019e-03
4.410000000000000000e+03	6.906546329398991109e-03	1.483838942504571261e-03
4.420000000000000000e+03	6.909880483699928390e-03	1.460388992766848510e-03
4.430000000000000000e+03	6.913155300391625457e-03	1.437982128531518520e-03
4.440000000000000000e+03	6.916373321428935517e-03	1.416550409679549760e-03
4.450000000000000000e+03	6.919536924638302125e-03	1.396031045965991048e-03
4.460000000000000000e+03	6.922648336267059332e-03	1.376365971952339846e-03
4.470000000000000000e+03	6.925709642482312522e-03	1.357501458998155996e-03
4.480000000000000000e+03	6.928722799912569348e-03	1.339387760975013081e-03
4.490000000000000000e+03	6.931689645316620879e-03	1.321978790669775874e-03
4.500000000000000000e+03	6.934611904456533353e-03	1.305231824121468563e-03
4.510000000000000000e+03	6.937491200244501159e-03	1.289107230383913609e-03
4.520000000000000000e+03	6.940329060226968667e-03	1.273568224435944534e-03
4.530000000000000000e+03	6.943126923463645815e-03	1.258580641171720997e-03
4.540000000000000000e+03	6.945886146853815640e-03	1.244112728589099118e-03
4.550000000000000000e+03	6.948608010957512890e-03	1.230134958468652451e-03
4.560000000000000000e+03	6.951293725354965210e-03	1.216619852991110201e-03
4.570000000000000000e+03	6.953944433583647382e-03	1.203541825882969030e-03
4.580000000000000000e+03	6.956561217688868662e-03	1.190877036809456649e-03
4.590000000000000000e+03	6.959145102420527702e-03	1.178603257850349218e-03
4.600000000000000000e+03	6.961697059105779496e-03	1.166699750999438843e-03
4.610000000000000000e+03	6.964218009224742816e-03	1.155147155727500588e-03
4.620000000000000000e+03	6.966708827713925453e-03	1.143927385730716126e-03
4.630000000000000000e+03	6.969170346019885713e-03	1.133023534073346458e-03
4.640000000000000000e+03	6.971603354923706572e-03	1.122419785996939560e-03
4.650000000000000000e+03	6.974008607155002780e-03	1.112101338740020297e-03
4.660000000000000000e+03	6.976386819812590429e-03	1.102054327766379457e-03
4.670000000000000000e+03	6.978738676607453180e-03	1.092265758860970406e-03
4.680000000000000000e+03	6.981064829942292341e-03	1.082723445589292089e-03
4.690000000000000000e+03	6.983365902840692890e-03	1.073415951675042246e-03
4.700000000000000000e+03	6.985642490737915822e-03	1.064332537877319589e-03
4.710000000000000000e+03	6.987895163144162286e-03	1.055463112994010173e-03
4.720000000000000000e+03	6.990124465190357926e-03	1.046798188649013554e-03
4.730000000000000000e+03	6.992330919065628016e-03	1.038328837548161288e-03
4.740000000000000000e+03	6.994515025354831710e-03	1.030046654917713116e-03
4.750000000000000000e+03	6.996677264283860179e-03	1.021943722869188319e-03
4.760000000000000000e+03	6.998818096879746813e-03	1.014012577445576714e-03
4.770000000000000000e+03	7.000937966052093835e-03	1.006246178136710598e-03
4.780000000000000000e+03	7.003037297601720328e-03	9.986378796621479467e-04
4.790000000000000000e+03	7.005116501162016000e-03	9.911814058401299983e-04
4.800000000000000000e+03	7.007175971078008839e-03	9.838708253758017466e-04
4.810000000000000000e+03	7.009216087227779224e-03	9.767005294169025121e-04
4.820000000000000000e+03	7.011237215790402065e-03	9.696652107373066000e-04
4.830000000000000000e+03	7.013239709964407681e-03	9.627598444203560018e-04
4.840000000000000000e+03	7.015223910640282917e-03	9.559796699241437500e-04
4.850000000000000000e+03	7.017190147030349240e-03	9.493201744237839265e-04
4.860000000000000000e+03	7.019138737259090002e-03	9.427770773281793446e-04
4.870000000000000000e+03	7.021069988916692900e-03	9.363463158859081526e-04
4.880000000000000000e+03	7.022984199578443526e-03	9.300240317919713975e-04
4.890000000000000000e+03	7.024881657292350937e-03	9.238065587240328579e-04
4.900000000000000000e+03	7.026762641037201385e-03	9.176904107345910640e-04
4.910000000000000000e+03	7.028627421153113217e-03	9.116722714365453140e-04
4.920000000000000000e+03	7.030476259746443017e-03	9.057489839228870156e-04
4.930000000000000000e+03	7.032309411070844507e-03	8.999175413649759293e-04
4.940000000000000000e+03	7.034127121886025839e-03	8.941750782402959523e-04
4.950000000000000000e+03	7.035929631795763070e-03	8.885188621430951212e-04
4.960000000000000000e+03	7.037717173566500339e-03	8.829462861369888988e-04
4.970000000000000000e+03	7.039489973427888979e-03	8.774548616065830147e-04
4.980000000000000000e+03	7.041248251356368830e-03	8.720422115759829266e-04
4.990000000000000000e+03	7.042992221342967915e-03	8.667060644589394533e-04
5.000000000000000000e+03	7.044722091646306653e-03	8.614442482098122423e-04
5.010000000000000000e+03	7.046438065031763315e-03	8.562546848476267200e-04
5.020000000000000000e+03	7.048140338997691511e-03	8.511353853270464632e-04
5.030000000000000000e+03	7.049829105989494603e-03	8.460844447307398503e-04
5.040000000000000000e+03	7.051504553602339423e-03	8.411000377623908779e-04
5.050000000000000000e+03	7.053166864773194496e-03	8.361804145191922529e-04
5.060000000000000000e+03	7.054816217962875391e-03	8.313238965234869817e-04
5.070000000000000000e+03	7.056452787328700016e-03	8.265288729975525965e-04
5.080000000000000000e+03	7.058076742888315901e-03	8.217937973636730512e-04
5.090000000000000000e+03	7.059688250675258056e-03	8.171171839557356438e-04
5.100000000000000000e+03	7.061287472886716189e-03	8.124976049260095902e-04
5.110000000000000000e+03	7.062874568023967507e-03	8.079336873367369424e-04
5.120000000000000000e+03	7.064449691025936548e-03	8.034241104221391625e-04
5.130000000000000000e+03	7.066012993396257602e-03	7.989676030112243237e-04
5.140000000000000000e+03	7.067564623324224839e-03	7.945629410994083227e-04
5.150000000000000000e+03	7.069104725799989219e-03	7.902089455605708487e-04
5.160000000000000000e+03	7.070633442724338739e-03	7.859044799898767591e-04
5.170000000000000000e+03	7.072150913013336947e-03	7.816484486688053636e-04
5.180000000000000000e+03	7.073657272698149340e-03	7.774397946454917642e-04
5.190000000000000000e+03	7.075152655020297034e-03	7.732774979213696658e-04
5.200000000000000000e+03	7.076637190522604842e-03	7.691605737398959398e-04
5.210000000000000000e+03	7.078111007136090975e-03	7.650880709682125660e-04
5.220000000000000000e+03	7.079574230262986566e-03	7.610590705678519285e-04
5.230000000000000000e+03	7.081026982856116619e-03	7.570726841496964402e-04
5.240000000000000000e+03	7.082469385494868756e-03	7.531280526043085399e-04
5.250000000000000000e+03	7.083901556457840830e-03	7.492243448076623975e-04
5.260000000000000000e+03	7.085323611792458849e-03	7.453607563948034869e-04
5.270000000000000000e+03	7.086735665381624187e-03	7.415365085977657870e-04
5.280000000000000000e+03	7.088137829007603447e-03	7.377508471449481737e-04
5.290000000000000000e+03	7.089530212413284148e-03	7.340030412175550844e-04
5.300000000000000000e+03	7.090912923360934150e-03	7.302923824586360574e-04
5.310000000000000000e+03	7.092286067688569756e-03	7.266181840347567819e-04
5.320000000000000000e+03	7.093649749364103370e-03	7.229797797433787018e-04
5.330000000000000000e+03	7.095004070537321017e-03	7.193765231665116095e-04
5.340000000000000000e+03	7.096349131589847585e-03	7.158077868659507058e-04
5.350000000000000000e+03	7.097685031183163969e-03	7.122729616183482229e-04
5.360000000000000000e+03	7.099011866304780205e-03	7.087714556888591181e-04
5.370000000000000000e+03	7.100329732312675619e-03	7.053026941387554715e-04
5.380000000000000000e+03	7.101638722978048483e-03	7.018661181682880803e-04
5.390000000000000000e+03	7.102938930526484472e-03	6.984611844898440218e-04
5.400000000000000000e+03	7.104230445677628056e-03	6.950873647312341957e-04
5.410000000000000000e+03	7.105513357683375039e-03	6.917441448682611549e-04
5.420000000000000000e+03	7.106787754364713751e-03	6.884310246824397765e-04
5.430000000000000000e+03	7.108053722147249578e-03	6.851475172454745246e-04
5.440000000000000000e+03	7.109311346095462288e-03	6.818931484261142118e-04
5.450000000000000000e+03	7.110560709945787199e-03	6.786674564210151174e-04
5.460000000000000000e+03	7.111801896138518486e-03	6.754699913065446027e-04
5.470000000000000000e+03	7.113034985848653430e-03	6.723003146102178931e-04
5.480000000000000000e+03	7.114260059015678483e-03	6.691579989021418599e-04
5.490000000000000000e+03	7.115477194372340532e-03	6.660426274044845300e-04
5.500000000000000000e+03	7.116686469472484865e-03	6.629537936183269595e-04
5.510000000000000000e+03	7.117887960717960739e-03	6.598911009661444227e-04
5.520000000000000000e+03	7.119081743384655242e-03	6.568541624508469467e-04
5.530000000000000000e+03	7.120267891647695351e-03	6.538426003290251712e-04
5.540000000000000000e+03	7.121446478605826004e-03	6.508560457981775373e-04
5.550000000000000000e+03	7.122617576305031832e-03	6.478941386975658979e-04
5.560000000000000000e+03	7.123781255761419025e-03	6.449565272210772571e-04
5.570000000000000000e+03	7.124937586983371221e-03	6.420428676433611323e-04
5.580000000000000000e+03	7.126086638993048804e-03	6.391528240555384693e-04
5.590000000000000000e+03	7.127228479847216858e-03	6.362860681131693062e-04
5.600000000000000000e+03	7.128363176657440820e-03	6.334422787946338744e-04
5.610000000000000000e+03	7.129490795609702732e-03	6.306211421681474178e-04
5.620000000000000000e+03	7.130611401983407739e-03	6.278223511693785093e-04
5.630000000000000000e+03	7.131725060169857161e-03	6.250456053871903186e-04
5.640000000000000000e+03	7.132831833690173387e-03	6.222906108583486657e-04
5.650000000000000000e+03	7.133931785212713900e-03	6.195570798701358593e-04
5.660000000000000000e+03	7.135024976569978757e-03	6.168447307707629855e-04
5.670000000000000000e+03	7.136111468775069647e-03	6.141532877865110793e-04
5.680000000000000000e+03	7.137191322037641540e-03	6.114824808475877648e-04
5.690000000000000000e+03	7.138264595779461423e-03	6.088320454186761047e-04
5.700000000000000000e+03	7.139331348649506463e-03	6.062017223366241141e-04
5.710000000000000000e+03	7.140391638538664057e-03	6.035912576553209086e-04
5.720000000000000000e+03	7.141445522594035492e-03	6.010004024944013866e-04
5.730000000000000000e+03	7.142493057232852764e-03	5.984289128955017295e-04
5.740000000000000000e+03	7.143534298156025905e-03	5.958765496822768671e-04
5.750000000000000000e+03	7.144569300361341621e-03	5.933430783265627659e-04
5.760000000000000000e+03	7.145598118156315862e-03	5.908282688184221141e-04
5.770000000000000000e+03	7.146620805170707247e-03	5.883318955424140856e-04
5.780000000000000000e+03	7.147637414368715643e-03	5.858537371562635510e-04
5.790000000000000000e+03	7.148647998060869355e-03	5.833935764758978095e-04
5.800000000000000000e+03	7.149652607915628691e-03	5.809512003624019236e-04
5.810000000000000000e+03	7.150651294970659065e-03	5.785263996149625368e-04
5.820000000000000000e+03	7.151644109643882918e-03	5.761189688662227398e-04
5.830000000000000000e+03	7.152631101744202913e-03	5.737287064816547731e-04
5.840000000000000000e+03	7.153612320482007417e-03	5.713554144621130204e-04
5.850000000000000000e+03	7.154587814479400169e-03	5.689988983505027409e-04
5.860000000000000000e+03	7.155557631780186216e-03	5.666589671402539989e-04
5.870000000000000000e+03	7.156521819859634065e-03	5.643354331880746141e-04
5.880000000000000000e+03	7.157480425633988043e-03	5.620281121292509865e-04
5.890000000000000000e+03	7.158433495469776822e-03	5.597368227951617786e-04
5.900000000000000000e+03	7.159381075192892095e-03	5.574613871341003654e-04
5.910000000000000000e+03	7.160323210097472094e-03	5.552016301346926475e-04
5.920000000000000000e+03	7.161259944954563063e-03	5.529573797513535980e-04
5.930000000000000000e+03	7.162191324020602927e-03	5.507284668326795042e-04
5.940000000000000000e+03	7.163117391045702859e-03	5.485147250514440685e-04
5.950000000000000000e+03	7.164038189281757112e-03	5.463159908374937753e-04
5.960000000000000000e+03	7.164953761490352492e-03	5.441321033120513108e-04
5.970000000000000000e+03	7.165864149950514767e-03	5.419629042248460399e-04
5.980000000000000000e+03	7.166769396466301546e-03	5.398082378925934477e-04
5.990000000000000000e+03	7.167669542374198281e-03	5.376679511393130627e-04
